000 01 0F1 13 002
001 05 0F3 21 0F1
002 01 0F2 05 000
003 21 0F2 01 0F4
004 06 0F3 21 0F4
005 0F 000 05 EEE

0F1 00 00 01 00
0F2 00 00 00 00
0F3 00 00 00 01
0F4 00 00 00 19

# Vetor aleatorio de 20 posicoes abaixo

100 00 00 00 00 10
101 00 00 00 00 12
102 00 00 00 00 1E
103 00 00 00 00 F0
104 00 00 00 00 11
105 00 00 00 00 EF
106 00 00 00 00 FA
107 00 00 00 00 01
108 00 00 00 00 1E
109 00 00 00 00 10
10A 00 00 00 00 1A
10B 00 00 00 00 1F
10C 00 00 00 00 A0
10D 00 00 00 00 B0
10E 00 00 00 00 1D
10F 00 00 00 00 30
110 00 00 00 00 10
111 00 00 00 00 50
112 00 00 00 00 10
113 00 00 00 00 60
