000 09 0F3 0A 000
001 0D 0FA 01 000
002 0C 0F5 06 0F4
003 0F 007 09 0F3
004 0A 000 12 005
005 01 000 21 300
006 0E 009 21 FFF
007 09 0F3 0A 000
008 0D 0FB 01 000
009 21 301 0A 000
00A 05 0F4 21 0F3
00B 01 0F6 06 0F4
00C 21 0F6 0F 000
00D 01 0F7 21 0F3
00E 09 0F3 0A 000
00F 0D 0FC 01 000
010 0C 0F5 06 0F4
011 10 016 09 0F3
012 0A 000 13 013
013 01 300 06 000
014 10 016 0A 000
015 0D 0FD 01 000
016 21 300 09 0F3
017 0A 000 12 018
018 01 000 06 301
019 10 01B 0A 000
01A 0D 0FE 01 000
01B 21 301 0A 000
01C 05 0F4 21 0F3
01D 01 0F0 06 0F4
01E 21 0F0 0F 00E
0FA 13 001 0E 001
0FB 13 008 0E 008
0FC 13 00F 0E 00F
0FD 13 015 0E 015
0FE 13 01A 0E 01A

0F0 00 000 00 013
0F3 00 000 00 100
0F4 00 000 00 001
0F5 00 000 00 002
0F6 00 000 00 013
0F7 00 000 00 100
300 00 000 00 000
301 00 000 00 000

# Vetor aleatório de 20 posições abaixo

100 00 00 00 00 10
101 00 00 00 01 10
102 00 00 00 00 1E
103 00 00 00 00 01
104 00 00 00 00 33
105 00 00 00 00 FF
106 00 00 00 0E 00
107 00 00 00 03 50
108 00 00 00 00 02
109 00 00 00 01 75
10A 00 00 00 00 42
10B 00 00 00 02 40
10C 00 00 00 01 FA
10D 00 00 00 00 F1
10E 00 00 00 00 22
10F 00 00 00 00 A7
110 00 00 00 00 F8
111 00 00 00 00 22
112 00 00 00 00 1B
113 00 00 00 00 4C
