000 01 0F4 13 001
001 12 003 01 000
002 06 0F1 21 0F7
003 01 000 0C 0F6
004 06 0F1 10 006
005 01 0F8 05 0F1
006 21 0F8 01 0F6
007 05 0F1 21 0F6
008 01 0F7 06 0F1
009 21 0F7 0F 003
00A 01 0F8 06 0F2
00B 10 012 01 0F4
00C 0D 0FE 09 000
00D 0A 000 06 0F9
00E 0F 00F 0E 012
00F 01 0F5 13 010
010 0A 000 21 000
011 01 0F5 05 0F1
012 21 0F5 01 0F3
013 21 0F8 01 0F1
014 21 0F6 01 0F4
015 05 0F1 21 0F4
016 01 0F0 06 0F1
017 21 0F0 0F 000
018 01 0F5 06 0FA
019 21 300 05 EEE
0FE 13 00C 0E 00C

0F0 00 00 00 00 09
0F1 00 00 00 00 01
0F2 00 00 00 00 03
0F3 00 00 00 00 00
0F4 00 00 00 01 00
0F5 00 00 00 02 00
0F6 00 00 00 00 01
0F7 00 00 00 00 00 
0F8 00 00 00 00 00
0F9 00 00 00 00 02
0FA 00 00 00 02 00

# Vetor aleatorio de 1 ate A abaixo

100 00 00 00 00 01
101 00 00 00 00 02
102 00 00 00 00 03
103 00 00 00 00 04
104 00 00 00 00 05
105 00 00 00 00 06
106 00 00 00 00 07
107 00 00 00 00 08
108 00 00 00 00 09
109 00 00 00 00 0A
