000 01 0F0 13 004
001 12 006 13 007
002 05 0F1 12 004
003 12 007 13 008
004 01 FF2 06 FF1
005 0F 006 0D 009
006 01 FF1 21 0FA
007 01 FF2 21 FF1
008 01 0FA 21 FF2
009 01 0F0 05 0F1
00A 21 0F0 01 0F4
00B 06 0F1 21 0F4
00C 0F 000 01 0F6
00D 21 0F4 01 0F7
00E 21 0F0 01 0F5
00F 06 0F1 21 0F5
010 0F 000 01 0F8
011 13 014 05 0F1
012 21 0F8 01 0F9
013 12 015 05 0F1
014 21 0F9 01 FF8
015 21 FF9 01 0EF
016 06 0F1 21 0EF
017 10 010 05 EEE

0EF 00 00 00 00 13
0F0 00 00 00 01 00 
0F1 00 00 00 00 01
0F2 00 00 00 00 00 
0F3 00 00 00 03 00 
0F4 00 00 00 00 12
0F5 00 00 00 00 13 
0F6 00 00 00 00 12 
0F7 00 00 00 01 00
0F8 00 00 00 01 00
0F9 00 00 00 03 00
0FA 00 00 00 00 00

# Vetor aleatório de 20 posições abaixo

100 00 00 00 00 10
101 00 00 00 01 10
102 00 00 00 00 1E
103 00 00 00 00 01
104 00 00 00 00 33
105 00 00 00 00 FF
106 00 00 00 0E 00
107 00 00 00 03 50
108 00 00 00 00 02
109 00 00 00 01 75
10A 00 00 00 00 42
10B 00 00 00 02 40
10C 00 00 00 01 FA
10D 00 00 00 00 F1
10E 00 00 00 00 22
10F 00 00 00 00 A7
110 00 00 00 00 F8
111 00 00 00 00 22
112 00 00 00 00 1B
113 00 00 00 00 4C
